点対称の中心点
222
  6
114
340

penalty_couple_number
30
penalty_number
1.0d10

 1       216       228
 2       217       227
 3       218       226
 4       219       225
 5       220       224
 6       221       223
 7       228       108
 8        11         1
 9        10         2
10         9         3
11         8         4
12         7         5
13       108       327
14       109       119
15       110       118
16       111       117
17       112       116
18       113       115
19       216       327
20       335       120
21       334       121
22       245       328
23       244       329
24       336       163
25       337       177
26       307       189
27       315       330
28       338       331
29       339       332
30       326       333