      1,    274,    217,    216,    335
      2,    335,    334,    272,    274
      3,    272,    334,    245,    273
      4,    245,    244,    243,    273
      5,    272,    218,    217,    274
      6,    263,    219,    218,    272
      7,    273,    262,    263,    272
      8,    243,    242,    262,    273
      9,    267,    220,    219,    263
     10,    263,    262,    264,    267
     11,    262,    242,    241,    264
     12,    268,    271,    220,    267
     13,    267,    264,    265,    268
     14,    264,    241,    240,    265
     15,    270,    221,    220,    271
     16,    268,    269,    270,    271
     17,    268,    265,    266,    269
     18,    265,    240,    239,    266
     19,    248,    222,    221,    270
     20,    269,    247,    248,    270
     21,    266,    246,    247,    269
     22,    239,    238,    246,    266
     23,    260,    223,    222,    248
     24,    247,    257,    260,    248
     25,    247,    246,    254,    257
     26,    246,    238,    237,    254
     27,    261,    224,    223,    260
     28,    260,    257,    258,    261
     29,    257,    254,    255,    258
     30,    254,    237,    236,    255
     31,    258,    259,    224,    261
     32,    258,    255,    256,    259
     33,    255,    236,    235,    256
     34,    250,    225,    224,    259
     35,    256,    249,    250,    259
     36,    235,    234,    249,    256
     37,    251,    226,    225,    250
     38,    251,    250,    249,    252
     39,    249,    234,    233,    252
     40,    253,    227,    226,    251
     41,    229,    228,    227,    253
     42,    230,    229,    253,    251
     43,    252,    231,    230,    251
     44,    233,    232,    231,    252
     45,     11,    228,    229,     33
     46,     33,    229,    230,     31
     47,    230,    231,     32,     31
     48,    231,    232,     12,     32
     49,     10,     11,     33,     31
     50,      9,     10,     31,     30
     51,     29,     30,     31,     32
     52,     12,     13,     29,     32
     53,      8,      9,     30,     39
     54,     30,     29,     36,     39
     55,     29,     13,     14,     36
     56,      8,     39,     38,     41
     57,     36,     35,     38,     39
     58,     14,     15,     35,     36
     59,      7,      8,     41,     40
     60,     38,     37,     40,     41
     61,     35,     34,     37,     38
     62,     15,     16,     34,     35
     63,      6,      7,     40,     28
     64,     40,     37,     27,     28
     65,     34,     26,     27,     37
     66,     16,     17,     26,     34
     67,      5,      6,     28,     50
     68,     28,     27,     49,     50
     69,     27,     26,     46,     49
     70,     26,     17,     18,     46
     71,      4,      5,     50,     51
     72,     50,     49,     48,     51
     73,     46,     45,     48,     49
     74,     18,     19,     45,     46
     75,      4,     51,     48,     47
     76,     45,     44,     47,     48
     77,     19,     20,     44,     45
     78,      3,      4,     47,     43
     79,     44,     42,     43,     47
     80,     20,     21,     42,     44
     81,      2,      3,     43,     52
     82,     43,     42,     53,     52
     83,     42,     21,     22,     53
     84,      1,      2,     52,     54
     85,    108,      1,     54,    133
     86,     52,     25,    133,     54
     87,     24,     25,     52,     53
     88,     22,     23,     24,     53
     89,    162,    109,    108,    133
     90,    133,     25,    160,    162
     91,    160,     25,     24,    161
     92,     24,     23,    132,    161
     93,    160,    110,    109,    162
     94,    151,    111,    110,    160
     95,    161,    150,    151,    160
     96,    132,    131,    150,    161
     97,    155,    112,    111,    151
     98,    151,    150,    152,    155
     99,    150,    131,    130,    152
    100,    156,    159,    112,    155
    101,    155,    152,    153,    156
    102,    152,    130,    129,    153
    103,    158,    113,    112,    159
    104,    156,    157,    158,    159
    105,    156,    153,    154,    157
    106,    153,    129,    128,    154
    107,    136,    114,    113,    158
    108,    157,    135,    136,    158
    109,    154,    134,    135,    157
    110,    128,    127,    134,    154
    111,    148,    115,    114,    136
    112,    135,    145,    148,    136
    113,    135,    134,    142,    145
    114,    134,    127,    126,    142
    115,    149,    116,    115,    148
    116,    148,    145,    146,    149
    117,    145,    142,    143,    146
    118,    142,    126,    125,    143
    119,    146,    147,    116,    149
    120,    146,    143,    144,    147
    121,    143,    125,    124,    144
    122,    138,    117,    116,    147
    123,    144,    137,    138,    147
    124,    124,    123,    137,    144
    125,    139,    118,    117,    138
    126,    139,    138,    137,    140
    127,    137,    123,    122,    140
    128,    141,    119,    118,    139
    129,    120,    327,    119,    141
    130,    121,    120,    141,    139
    131,    140,    328,    121,    139
    132,    122,    329,    328,    140
    133,    336,    285,    243,    244
    134,    285,    284,    242,    243
    135,    284,    283,    241,    242
    136,    283,    282,    240,    241
    137,    282,    281,    239,    240
    138,    281,    280,    238,    239
    139,    280,    279,    237,    238
    140,    279,    278,    236,    237
    141,    278,    277,    235,    236
    142,    277,    276,    234,    235
    143,    276,    275,    233,    234
    144,    275,     55,    232,    233
    145,    232,     55,     56,     12
    146,     12,     56,     57,     13
    147,     13,     57,     58,     14
    148,     14,     58,     59,     15
    149,     15,     59,     60,     16
    150,     16,     60,     61,     17
    151,     17,     61,     62,     18
    152,     18,     62,     63,     19
    153,     19,     63,     64,     20
    154,     20,     64,     65,     21
    155,     21,     65,     66,     22
    156,     22,     66,    175,     23
    157,    175,    174,    132,     23
    158,    174,    173,    131,    132
    159,    173,    172,    130,    131
    160,    172,    171,    129,    130
    161,    171,    170,    128,    129
    162,    170,    169,    127,    128
    163,    169,    168,    126,    127
    164,    168,    167,    125,    126
    165,    167,    166,    124,    125
    166,    166,    165,    123,    124
    167,    165,    164,    122,    123
    168,    164,    163,    329,    122
    169,    337,    298,    285,    336
    170,    298,    297,    284,    285
    171,    297,    296,    283,    284
    172,    296,    295,    282,    283
    173,    295,    294,    281,    282
    174,    294,    293,    280,    281
    175,    293,    292,    279,    280
    176,    292,    291,    278,    279
    177,    291,    290,    277,    278
    178,    290,    289,    276,    277
    179,    289,    288,    275,    276
    180,    288,    287,     55,    275
    181,     55,    287,     67,     56
    182,     56,     67,     68,     57
    183,     57,     68,     69,     58
    184,     58,     69,     70,     59
    185,     59,     70,     71,     60
    186,     60,     71,     72,     61
    187,     61,     72,     73,     62
    188,     62,     73,     74,     63
    189,     63,     74,     75,     64
    190,     64,     75,     76,     65
    191,     65,     76,     77,     66
    192,     66,     77,     78,    175
    193,     78,    188,    174,    175
    194,    188,    187,    173,    174
    195,    187,    186,    172,    173
    196,    186,    185,    171,    172
    197,    185,    184,    170,    171
    198,    184,    183,    169,    170
    199,    183,    182,    168,    169
    200,    182,    181,    167,    168
    201,    181,    180,    166,    167
    202,    180,    179,    165,    166
    203,    179,    178,    164,    165
    204,    178,    177,    163,    164
    205,    307,    306,    298,    337
    206,    306,    305,    297,    298
    207,    305,    304,    296,    297
    208,    304,    303,    295,    296
    209,    295,    303,    293,    294
    210,    293,    302,    291,    292
    211,    302,    286,    290,    291
    212,    286,    301,    289,    290
    213,    301,    300,    288,    289
    214,    300,    299,    287,    288
    215,    287,    299,     79,     67
    216,     67,     79,     80,     68
    217,     68,     80,     81,     69
    218,     69,     81,     82,     70
    219,     70,     82,     72,     71
    220,     72,     83,     74,     73
    221,     74,     83,     84,     75
    222,     75,     84,     85,     76
    223,     76,     85,     86,     77
    224,     77,     86,    197,     78
    225,    197,    196,    188,     78
    226,    196,    195,    187,    188
    227,    195,    194,    186,    187
    228,    194,    193,    185,    186
    229,    185,    193,    183,    184
    230,    183,    192,    181,    182
    231,    192,    176,    180,    181
    232,    176,    191,    179,    180
    233,    191,    190,    178,    179
    234,    190,    189,    177,    178
    235,    315,    314,    306,    307
    236,    314,    313,    305,    306
    237,    313,    312,    304,    305
    238,    312,    311,    303,    304
    239,    303,    311,    302,    293
    240,    311,    310,    286,    302
    241,    310,    309,    301,    286
    242,    309,    308,    300,    301
    243,    308,     87,    299,    300
    244,    299,     87,     88,     79
    245,     79,     88,     89,     80
    246,     80,     89,     90,     81
    247,     81,     90,     91,     82
    248,     82,     91,     83,     72
    249,     83,     91,     92,     84
    250,     84,     92,     93,     85
    251,     85,     93,     94,     86
    252,     86,     94,     95,    197
    253,     95,    204,    196,    197
    254,    204,    203,    195,    196
    255,    203,    202,    194,    195
    256,    202,    201,    193,    194
    257,    193,    201,    192,    183
    258,    201,    200,    176,    192
    259,    200,    199,    191,    176
    260,    199,    198,    190,    191
    261,    198,    330,    189,    190
    262,    338,    320,    314,    315
    263,    320,    319,    313,    314
    264,    319,    318,    312,    313
    265,    312,    318,    310,    311
    266,    318,    317,    309,    310
    267,    317,    316,    308,    309
    268,    316,     96,     87,    308
    269,     87,     96,     97,     88
    270,     88,     97,     98,     89
    271,     89,     98,     99,     90
    272,     90,     99,     92,     91
    273,     92,     99,    100,     93
    274,     93,    100,    101,     94
    275,     94,    101,    210,     95
    276,    210,    209,    204,     95
    277,    209,    208,    203,    204
    278,    208,    207,    202,    203
    279,    202,    207,    200,    201
    280,    207,    206,    199,    200
    281,    206,    205,    198,    199
    282,    205,    331,    330,    198
    283,    339,    323,    320,    338
    284,    323,    322,    319,    320
    285,    319,    322,    317,    318
    286,    322,    321,    316,    317
    287,    321,    102,     96,    316
    288,     96,    102,    103,     97
    289,     97,    103,    104,     98
    290,     98,    104,    100,     99
    291,    100,    104,    105,    101
    292,    101,    105,    214,    210
    293,    214,    213,    209,    210
    294,    213,    212,    208,    209
    295,    208,    212,    206,    207
    296,    212,    211,    205,    206
    297,    211,    332,    331,    205
    298,    326,    325,    323,    339
    299,    323,    325,    321,    322
    300,    325,    324,    102,    321
    301,    102,    324,    106,    103
    302,    103,    106,    105,    104
    303,    105,    106,    107,    214
    304,    107,    215,    213,    214
    305,    213,    215,    211,    212
    306,    215,    333,    332,    211
    307,    326,    340,    324,    325
    308,    324,    340,    107,    106
    309,    107,    340,    333,    215